2 2 2 2 2 2 2 2 2 2 2 1 1 2 2 1 2 1 1 1 2 1 2 1 2 1 1 1 1 1 2 2 2 1 1 2 2 2 2 1 1 2 1 2 2 2 2 2 2 1 2 1 2 1 1 2 1 1 2 2 1 2 1 1 1 2 2 2 2 2 1 1 2 2 1 1 1 2 1 1 2 1 2 2 1 2 1 2 2 2 1 1 1 2 1 1 2 2 1 2
2 2 1 2 1 1 1 1 2 1 1 1 2 2 1 1 2 1 1 1 1 1 1 1 1 2 1 2 2 1 1 1 1 1 1 1 1 2 2 2 1 1 1 1 1 2 2 2 2 1 2 1 1 1 2 2 2 2 2 1 1 1 1 1 2 2 1 1 2 2 1 2 2 1 1 1 2 2 2 2 2 2 2 1 2 2 2 2 2 2 2 2 2 2 1 2 1 1 1 1
2 1 2 2 1 1 1 1 2 2 2 1 2 1 1 1 2 1 2 1 1 1 2 2 1 2 1 1 2 1 1 1 2 1 2 2 2 1 1 2 1 1 2 1 2 2 2 2 1 2 1 2 2 1 1 2 2 1 1 1 2 2 1 2 1 2 1 1 1 1 1 1 1 2 1 1 1 2 2 2 2 1 2 1 1 1 1 2 1 1 2 1 1 2 1 1 2 1 2 1
2 2 1 2 2 1 2 2 2 1 1 2 2 2 2 1 1 2 1 1 1 1 1 1 1 2 2 2 2 1 1 2 1 1 1 2 1 2 1 1 1 1 1 2 1 1 2 1 2 2 1 2 1 1 2 2 2 2 1 2 1 2 2 1 2 2 1 2 1 1 1 1 2 2 2 1 2 1 1 1 1 2 1 1 1 1 1 2 1 2 2 1 1 1 2 2 2 2 1 1
2 1 1 2 1 1 1 1 2 1 1 2 1 2 2 1 1 1 1 2 1 1 1 1 1 1 1 2 2 2 1 2 1 2 2 2 1 2 1 2 2 1 1 1 1 1 1 1 1 2 1 1 2 1 1 1 1 1 2 2 2 1 2 2 1 2 2 1 1 2 2 1 1 1 2 2 2 1 2 2 1 2 2 1 2 2 1 2 1 2 1 1 1 2 2 1 1 2 1 2
2 1 1 2 1 1 2 2 1 1 1 1 1 2 1 2 2 1 1 1 1 1 1 1 2 2 2 2 1 2 2 2 1 2 1 2 2 2 2 1 2 2 2 1 2 1 2 1 2 1 1 1 2 1 1 1 1 1 2 2 2 2 1 2 2 1 2 1 2 1 2 2 2 1 1 1 2 2 1 2 2 2 2 2 2 1 2 2 2 1 2 2 1 1 1 2 2 2 1 1
1 1 2 1 1 1 1 1 1 1 2 2 2 1 2 1 1 1 2 2 1 1 1 2 1 1 2 2 2 2 1 1 2 2 1 2 2 1 2 2 1 2 2 1 1 1 2 2 1 2 1 2 2 1 1 2 2 1 1 2 2 1 1 1 2 2 2 1 2 2 2 2 1 1 1 2 1 2 1 1 2 1 1 2 1 2 1 2 2 1 2 1 1 2 1 2 2 2 2 1
2 1 1 1 2 1 2 2 2 2 2 2 1 1 1 1 2 1 1 1 2 1 1 1 2 1 2 1 2 2 2 2 2 2 2 2 2 1 2 1 1 2 2 2 1 2 1 1 2 1 2 1 2 2 1 2 2 2 2 2 1 2 1 2 2 1 1 2 1 1 2 2 2 2 1 1 2 1 1 2 1 2 2 1 1 1 1 1 2 2 1 2 1 2 1 1 2 1 1 2
1 1 2 1 2 2 1 1 1 2 2 2 2 2 1 1 1 1 1 2 2 2 1 1 2 2 1 2 2 2 1 1 2 1 2 1 2 2 2 2 2 1 1 2 1 1 2 2 2 1 1 1 2 1 2 1 1 1 2 1 1 2 1 1 2 2 2 2 1 2 1 2 2 2 2 2 2 1 2 1 2 2 1 2 2 2 2 2 1 2 2 1 1 1 2 1 1 1 2 1
2 2 1 1 2 1 1 2 1 2 2 1 1 2 2 1 2 2 2 1 2 2 2 1 2 1 1 2 1 1 2 2 2 1 1 2 2 2 2 2 2 1 1 1 1 1 1 2 2 2 1 1 1 2 2 1 1 2 1 2 1 2 1 1 1 1 2 2 2 1 2 2 2 1 2 1 1 1 2 2 1 1 1 1 1 2 1 1 1 2 1 1 1 1 1 2 2 1 2 1
1 2 2 2 2 2 1 2 2 1 1 2 2 2 1 2 1 2 2 1 1 2 1 1 2 2 2 1 2 1 1 1 2 1 1 1 1 2 1 2 1 2 1 2 1 1 2 1 1 1 2 1 1 1 1 2 2 2 2 1 2 2 1 1 1 1 1 2 2 2 2 2 1 1 1 1 1 1 2 2 1 2 1 1 2 2 1 2 2 2 1 1 1 1 2 2 1 2 1 1
2 1 1 1 1 1 1 2 2 2 2 1 2 2 2 1 2 1 2 2 1 2 1 1 2 1 2 1 2 2 2 2 1 2 1 2 1 1 2 1 2 2 2 2 2 1 2 2 1 1 2 2 2 1 2 1 1 1 1 2 1 2 2 1 1 2 1 2 2 1 1 1 2 2 2 1 2 1 1 2 1 1 1 2 2 2 1 1 2 2 1 1 2 2 1 1 1 2 1 2
1 2 2 1 2 2 1 1 2 1 1 1 2 1 2 2 1 1 2 1 1 2 1 2 1 1 2 2 1 2 2 1 1 1 2 1 1 1 1 1 1 1 1 2 1 1 2 1 1 2 2 2 1 2 1 1 1 1 2 2 1 2 2 2 1 1 2 1 1 2 1 2 2 2 2 1 2 1 2 2 1 1 1 2 2 1 2 2 1 1 10 1 1 2 2 1 2 1 1 1
1 1 1 1 2 2 2 1 1 2 2 1 2 2 2 2 2 2 2 1 1 1 2 2 1 2 1 2 2 1 1 2 1 1 1 1 1 2 1 1 1 2 1 1 1 1 2 1 1 1 1 2 1 2 2 1 2 2 1 2 1 1 1 1 1 2 2 1 1 1 1 1 1 2 2 1 2 2 1 2 2 2 2 2 2 2 1 14 10 12 10 11 13 14 2 2 1 1 1 1
1 1 2 1 1 2 2 2 2 2 2 2 1 1 2 1 1 1 1 2 2 1 1 1 2 1 1 2 1 1 1 1 1 1 1 1 2 1 1 1 2 1 2 1 2 1 2 2 2 2 2 1 1 2 1 1 2 1 2 1 1 1 1 1 2 1 1 1 2 2 1 2 15 2 1 1 1 1 2 1 2 1 2 1 1 2 13 15 11 11 10 14 14 15 13 2 2 2 2 2
1 2 1 2 1 1 2 1 2 2 2 1 2 1 2 2 1 1 1 1 1 2 1 2 2 1 1 1 2 2 2 1 2 1 2 2 1 2 2 2 2 1 2 1 2 1 2 1 1 1 1 1 1 2 1 2 1 2 2 2 1 2 2 2 2 1 1 1 15 14 11 14 11 14 13 10 15 2 2 2 2 2 2 2 2 13 15 14 12 13 15 15 14 14 10 10 2 2 1 1
2 1 2 1 2 1 1 2 1 2 1 1 2 1 2 1 1 1 2 2 1 1 1 1 2 1 1 2 1 1 1 1 2 1 1 2 2 1 2 1 1 1 1 1 2 2 1 1 1 2 2 2 1 2 2 2 1 2 1 1 2 2 1 1 2 1 2 11 15 11 14 11 15 15 11 10 12 15 2 2 1 1 1 1 1 14 12 10 13 15 14 11 14 13 10 10 2 2 1 2
1 1 1 2 2 2 2 2 2 2 2 2 2 1 1 1 1 2 1 1 2 1 2 1 1 1 2 1 1 2 1 1 2 2 1 1 1 1 1 1 2 1 2 2 2 1 1 2 1 1 1 2 1 1 2 2 2 1 1 2 1 1 1 1 2 1 15 11 13 15 10 12 11 12 15 15 10 12 11 2 2 2 1 1 2 14 14 11 14 15 14 11 11 15 15 14 1 1 2 1
1 1 1 2 2 1 2 2 2 1 2 2 1 2 1 1 2 1 2 2 1 2 1 2 2 1 2 1 2 1 2 2 2 1 2 1 2 1 2 1 2 1 1 1 1 1 1 2 2 1 2 2 1 2 1 2 2 1 2 1 2 2 2 1 2 10 11 11 13 12 11 11 14 10 14 15 15 12 14 11 2 1 2 1 15 12 12 11 13 14 14 10 10 15 10 12 12 1 1 2
1 2 2 2 1 2 1 2 1 1 1 2 1 2 1 1 2 2 2 1 1 1 1 1 2 1 1 1 1 2 1 2 2 1 2 2 1 2 2 1 2 2 1 1 2 2 2 1 2 2 2 1 1 1 2 1 2 2 2 1 1 1 1 2 12 10 15 14 12 12 13 14 14 10 13 13 10 12 15 13 15 2 2 2 2 14 12 10 10 10 10 14 12 12 15 10 2 1 1 2
1 1 2 1 2 2 2 1 1 2 2 2 1 2 2 1 2 1 1 2 2 2 1 1 1 2 2 2 2 2 2 1 2 1 1 2 2 2 2 2 2 1 1 2 1 2 2 1 1 1 2 2 2 2 2 1 1 1 1 2 2 1 2 2 11 12 14 10 13 14 11 10 15 10 11 14 13 15 10 14 11 1 2 1 1 11 10 13 11 14 10 15 14 14 15 10 1 1 2 2
1 2 2 2 1 1 1 1 1 2 1 1 2 2 1 2 2 2 2 2 2 2 1 2 1 1 2 2 2 1 1 2 2 1 2 2 2 2 1 1 1 1 2 2 2 1 2 2 2 2 2 1 2 1 1 2 2 2 1 1 1 2 2 1 11 10 10 15 14 15 12 10 11 14 10 13 10 11 14 14 13 1 1 1 1 12 12 13 11 14 14 11 14 15 15 12 2 2 1 2
1 2 2 1 1 1 2 1 2 2 2 2 1 2 2 1 1 2 2 1 2 1 1 1 2 1 1 2 2 1 1 1 2 1 1 1 2 1 1 2 1 1 1 1 2 2 2 1 1 2 1 1 1 2 2 1 2 2 11 1 2 2 1 1 12 12 10 14 15 11 11 13 12 12 15 14 11 12 15 14 13 2 1 2 2 2 15 15 13 13 13 13 12 12 12 1 2 2 2 1
2 2 1 2 2 2 1 1 1 1 2 1 2 2 2 1 1 1 1 1 2 2 1 1 2 1 1 1 1 1 1 2 2 2 1 2 1 1 1 2 1 2 1 1 2 2 2 2 2 2 2 1 1 1 1 13 13 15 14 11 10 15 1 10 12 15 12 13 10 15 12 13 13 11 15 15 12 12 12 10 15 14 1 2 2 1 2 11 11 10 11 13 11 13 2 1 2 2 1 1
1 1 1 2 2 2 2 2 2 2 2 1 1 1 2 1 1 2 1 1 2 2 1 2 1 1 1 2 2 1 1 1 1 2 1 2 2 1 1 1 1 2 1 1 1 2 1 2 2 1 1 2 2 1 14 11 15 10 15 11 15 13 14 2 13 10 12 14 12 10 10 15 14 14 13 12 12 14 10 11 10 1 2 1 1 2 1 1 2 1 13 2 2 2 2 1 2 2 2 2
1 2 1 1 1 2 1 1 2 2 1 2 2 1 1 1 2 1 1 2 1 1 1 2 1 1 2 1 1 2 1 1 1 1 2 2 1 1 1 1 2 2 1 2 1 1 2 1 1 1 1 1 2 2 11 12 15 11 12 15 14 10 13 1 12 11 13 10 12 12 10 11 10 13 13 15 12 10 14 13 15 1 1 1 1 2 2 2 2 1 2 2 2 2 1 1 1 1 2 2
1 1 1 1 1 1 1 1 2 2 2 1 2 1 2 2 2 1 2 2 2 2 2 2 2 1 1 1 2 1 1 1 1 1 2 1 2 1 2 2 2 1 1 2 2 2 2 1 1 1 1 2 1 2 12 10 12 10 14 12 15 11 11 1 15 15 14 10 14 10 10 15 11 13 13 14 13 11 12 14 14 2 1 2 2 2 2 1 2 1 2 1 1 2 1 1 2 1 1 1
2 1 1 1 2 1 2 1 2 1 2 1 2 1 2 1 1 2 1 1 1 1 1 1 1 1 1 1 2 2 1 1 1 1 1 1 1 2 2 2 2 2 2 1 1 2 2 2 2 1 1 1 2 15 13 15 12 10 15 15 15 12 12 11 10 12 14 10 11 11 11 13 14 15 10 14 15 14 11 10 14 2 1 1 1 2 2 2 2 1 2 2 1 2 2 1 1 1 1 2
1 1 2 1 1 1 1 1 2 2 2 2 2 1 1 2 2 2 1 1 2 2 1 2 1 1 1 2 1 2 1 2 1 1 1 1 1 2 2 2 2 2 2 1 2 1 2 1 1 1 1 2 1 1 15 14 13 11 15 13 13 14 12 1 2 11 11 15 10 15 14 13 13 13 14 13 10 12 11 11 1 1 2 1 1 1 1 1 2 1 1 2 2 1 1 2 2 1 2 1
1 2 1 2 2 1 1 2 1 1 1 2 1 1 2 1 2 2 1 1 1 2 1 2 1 1 1 2 1 2 1 2 2 1 2 1 1 1 1 1 1 2 2 2 1 2 1 2 2 1 1 1 2 1 15 13 14 15 13 10 13 11 10 2 1 1 11 13 13 14 10 12 12 14 14 11 11 10 10 2 2 1 1 2 2 2 1 1 2 1 1 1 2 2 1 2 1 1 2 2
1 1 1 2 2 2 2 1 2 2 1 2 2 1 1 2 1 1 2 2 13 2 2 2 2 2 2 1 1 1 2 1 1 2 2 1 1 2 1 2 1 2 2 2 1 1 2 1 2 1 2 1 2 1 14 13 12 13 11 13 15 10 11 2 1 2 1 14 12 10 12 12 13 14 14 12 11 11 2 1 2 2 2 1 2 1 2 1 2 2 2 1 2 1 1 2 2 2 1 2
2 2 1 2 1 1 1 2 2 2 2 2 2 2 2 2 1 14 15 15 10 12 11 10 2 2 2 2 1 2 2 2 1 1 2 1 1 1 1 1 2 1 1 2 2 2 2 1 1 1 1 2 1 2 1 14 12 12 12 15 10 10 1 2 2 1 2 1 10 13 11 15 10 14 15 15 11 1 2 1 2 2 2 1 2 2 1 1 2 2 2 1 1 2 1 2 2 2 2 2
1 1 2 1 1 1 2 1 1 2 1 1 1 1 1 10 15 12 14 14 12 14 10 10 10 10 2 2 2 2 2 2 2 2 2 2 2 2 1 2 1 2 2 1 2 2 1 1 1 2 2 2 2 1 2 1 2 1 13 1 2 1 1 1 2 1 2 2 1 2 2 1 12 1 2 2 1 2 2 2 2 1 1 1 2 1 1 2 1 1 1 1 1 2 1 1 2 2 2 2
2 2 1 2 2 1 1 2 2 2 2 2 2 2 13 11 13 12 11 12 13 12 14 11 15 12 11 1 1 1 1 2 1 1 1 1 2 1 2 1 2 1 1 2 1 2 2 1 1 2 1 1 2 1 1 1 2 2 1 1 1 2 2 1 2 1 2 2 2 1 2 1 2 1 1 2 1 2 2 2 2 2 1 2 2 1 2 1 1 2 1 1 1 2 1 1 1 1 1 2
1 1 2 2 1 2 2 2 2 2 1 2 2 1 12 10 13 12 10 10 11 13 13 13 15 14 10 2 2 1 2 1 1 2 1 2 2 2 2 1 2 2 1 1 2 1 1 2 1 1 2 2 2 2 1 1 1 1 1 2 1 1 1 1 2 2 1 1 2 1 2 2 1 1 1 2 1 2 1 1 2 1 2 2 2 2 2 2 1 2 1 1 1 1 1 1 2 1 1 1
2 2 1 1 2 2 2 1 1 1 2 1 1 13 15 13 11 11 13 15 14 13 10 13 11 10 13 14 1 1 2 2 2 1 2 2 2 2 1 2 1 1 1 2 1 2 1 2 2 1 1 2 2 1 1 2 2 1 1 1 2 2 1 2 2 2 1 1 2 2 1 2 1 2 2 1 2 1 1 2 2 2 2 1 1 1 1 1 1 1 1 2 2 1 1 1 1 2 1 2
1 1 1 1 1 1 2 1 1 1 2 1 1 11 14 14 13 14 14 12 10 11 13 12 10 14 15 11 2 1 2 1 1 1 1 2 2 2 1 1 2 2 2 1 2 1 1 2 2 1 1 1 2 2 1 2 1 1 1 1 1 2 1 2 2 2 2 2 2 1 1 2 2 2 2 1 2 1 2 1 2 2 1 1 2 1 2 1 2 1 2 1 2 2 2 2 1 2 2 1
2 1 1 2 1 1 1 1 2 1 1 2 1 12 15 13 13 14 12 11 14 15 13 15 10 10 15 10 2 1 1 2 1 1 1 1 1 1 1 2 1 2 1 2 1 1 2 2 1 2 1 1 1 2 1 2 2 1 2 1 1 2 1 2 2 2 2 2 2 2 1 1 1 1 1 2 2 2 2 1 1 1 1 2 1 1 1 2 1 1 1 1 2 2 1 2 1 1 2 2
2 2 1 2 2 2 2 1 1 1 1 1 13 15 10 10 13 13 10 11 11 10 15 11 10 12 11 13 13 2 1 2 1 1 2 2 1 1 1 2 1 1 2 2 1 1 1 1 1 2 2 2 1 1 2 1 2 1 2 2 1 2 2 1 1 1 1 2 2 1 1 1 1 1 2 1 2 2 2 2 1 1 2 1 1 2 1 1 1 2 2 1 1 2 2 1 1 2 1 2
1 1 1 2 1 2 1 2 2 2 2 2 1 10 14 10 12 11 15 11 10 13 15 10 11 12 10 10 2 1 2 1 1 2 2 1 1 1 1 2 2 1 1 1 1 2 2 1 2 2 1 2 2 1 2 1 2 2 1 1 1 1 1 1 2 1 2 2 2 2 1 1 2 1 1 2 1 1 2 1 2 1 1 1 2 2 1 2 2 1 1 2 1 2 2 1 2 1 1 2
2 2 1 2 1 2 1 1 2 1 2 1 2 13 14 12 13 15 11 10 15 14 12 10 14 12 13 10 2 1 1 1 1 2 1 2 2 2 2 1 2 1 1 2 1 2 1 1 2 2 1 2 2 1 1 1 1 1 1 1 1 2 2 2 2 2 1 2 1 1 1 1 2 1 2 1 2 2 1 1 2 1 1 2 2 2 1 2 2 1 1 2 2 1 2 1 2 2 2 2
1 1 2 2 1 2 1 1 2 2 2 1 1 11 15 12 10 12 13 11 15 14 11 11 14 13 12 12 2 1 1 1 2 1 2 2 1 1 2 2 1 2 1 2 1 1 2 2 1 2 2 1 2 1 1 2 1 2 1 1 1 1 2 1 2 1 2 2 1 1 1 2 1 2 1 1 2 1 1 2 1 2 2 2 2 1 2 1 1 2 1 1 1 2 1 1 2 2 2 1
1 2 2 2 1 2 1 1 2 2 1 2 2 1 10 11 12 10 11 10 14 11 14 12 15 14 11 1 2 2 1 2 1 1 1 1 2 1 2 2 1 2 1 2 1 1 2 1 2 2 1 1 2 1 1 2 2 1 2 2 2 1 1 2 2 2 2 1 2 1 1 1 2 2 2 2 1 1 2 2 2 2 1 1 1 2 1 2 1 2 1 2 1 2 1 1 1 1 2 1
2 1 2 1 2 1 2 1 2 1 1 2 2 2 10 13 11 15 14 13 13 11 11 15 10 12 12 1 1 2 1 1 2 2 2 1 2 1 2 1 1 2 1 1 1 1 1 1 2 2 2 2 1 2 1 1 2 1 2 1 2 2 1 1 1 2 1 1 1 2 2 1 2 2 1 1 12 1 1 1 2 1 1 2 2 2 2 1 2 2 2 1 2 2 1 1 1 1 2 2
1 2 2 2 2 1 2 1 1 2 1 1 1 2 2 14 14 12 12 13 11 14 10 15 10 10 1 1 2 1 1 1 1 2 2 2 2 1 1 1 2 2 1 1 2 1 2 1 2 2 2 1 1 1 2 1 1 2 1 2 1 1 2 1 1 1 1 1 2 1 1 2 15 15 10 15 11 11 12 13 12 2 1 1 1 2 2 1 1 1 1 1 2 2 2 2 1 1 1 1
1 2 2 2 1 1 1 1 1 2 1 1 1 2 1 2 2 11 14 11 10 14 12 15 2 1 1 1 1 1 2 2 2 1 1 1 1 1 2 1 1 2 1 1 1 1 1 2 1 1 1 2 1 1 1 1 2 2 2 1 2 1 1 2 1 1 1 2 2 1 1 15 13 13 11 13 12 13 12 15 12 15 2 2 2 1 2 2 1 2 2 2 2 1 2 1 2 1 1 1
1 1 2 1 2 2 2 1 1 2 1 1 2 2 2 1 2 1 2 1 11 1 2 2 1 2 1 1 2 2 2 1 1 2 1 2 1 1 2 1 1 2 2 2 1 2 1 2 1 1 2 1 1 1 1 2 1 1 1 2 2 1 1 1 2 2 2 1 1 1 11 12 15 15 12 14 13 14 15 13 15 15 12 2 1 1 2 2 2 1 1 2 1 2 1 1 1 1 2 1
2 2 2 1 2 2 1 2 2 2 1 1 2 1 2 2 2 1 1 1 1 2 2 2 2 1 1 2 1 1 1 1 2 2 2 1 1 2 1 2 1 2 2 1 2 1 2 1 1 1 1 1 2 1 1 2 1 1 2 1 2 1 2 1 2 2 2 2 2 13 15 15 14 13 14 11 12 11 14 13 11 15 15 12 2 2 2 1 1 2 1 2 2 1 2 1 1 1 1 1
2 1 2 1 2 2 2 2 2 1 1 2 1 2 2 2 2 1 2 2 1 2 2 1 2 1 2 2 1 2 1 2 1 1 1 2 1 1 1 1 2 1 1 1 1 1 2 2 1 2 2 2 1 2 1 1 1 2 2 1 1 1 1 2 2 1 2 1 15 14 12 13 11 14 12 15 12 12 14 15 13 12 11 11 11 2 2 2 1 2 1 1 2 2 1 1 2 1 2 2
2 1 2 1 2 1 1 2 2 2 2 2 2 1 1 1 2 1 2 1 1 1 1 1 2 1 2 1 2 2 1 2 2 1 2 1 2 1 2 1 2 2 2 1 1 2 1 1 1 1 2 2 1 1 2 1 1 1 2 1 1 1 1 2 1 1 1 1 10 12 12 13 11 13 15 15 13 13 11 12 13 14 15 12 15 2 2 2 2 1 1 1 1 1 2 2 2 2 2 1
1 2 2 1 1 2 2 1 1 1 2 1 1 2 2 2 1 1 1 2 2 2 2 1 1 2 2 1 1 1 2 2 1 1 2 1 1 1 1 2 1 2 2 2 2 2 2 1 1 2 8 8 8 1 1 1 2 2 1 2 1 1 1 2 2 1 2 1 11 11 14 10 10 12 15 13 10 12 15 11 13 13 10 11 10 2 1 2 1 1 2 1 1 1 1 2 1 2 1 2
2 1 2 1 1 1 2 1 1 2 2 2 2 1 2 2 2 2 2 1 2 1 1 1 1 1 1 1 1 1 1 2 2 1 2 1 2 1 2 1 2 1 2 1 1 1 2 1 1 2 8 8 8 1 2 1 1 1 1 2 1 1 2 1 1 1 2 1 11 14 10 12 11 10 14 14 11 11 13 14 15 15 10 14 13 2 1 1 1 1 2 2 2 2 1 1 2 1 2 2
1 2 1 1 2 1 2 2 2 2 1 2 1 1 2 2 1 2 2 1 1 1 1 2 2 2 2 1 2 1 1 1 1 1 1 1 1 2 1 2 2 1 2 1 1 1 1 1 2 1 8 8 8 1 1 2 2 2 2 1 1 1 2 2 2 2 2 12 13 13 10 12 10 12 12 15 10 15 13 14 15 14 12 13 13 10 1 2 2 2 1 1 2 1 1 1 2 1 2 1
1 1 2 1 2 1 2 2 1 2 1 2 2 2 1 2 1 2 1 2 1 1 1 1 1 2 2 2 2 2 2 2 2 2 2 1 2 2 2 2 2 1 1 2 2 1 2 2 1 2 1 1 1 2 1 2 1 2 1 2 1 1 1 2 2 2 1 1 15 13 11 13 10 14 14 15 10 14 10 15 11 10 14 13 15 13 14 2 2 1 2 1 2 2 2 1 1 2 2 2
2 2 1 2 2 2 1 2 2 1 2 1 1 1 2 2 2 1 2 2 1 2 2 2 1 1 2 1 1 1 2 1 2 2 1 1 1 1 2 2 2 2 1 2 2 1 1 1 2 2 2 1 1 1 1 1 2 2 2 2 1 2 2 2 2 1 1 1 10 10 12 14 10 13 12 14 13 15 14 12 13 10 14 10 14 13 15 2 1 1 1 1 1 2 2 1 1 1 1 2
1 2 1 1 2 2 1 2 2 2 1 1 2 2 2 2 2 2 1 2 1 1 1 2 2 1 2 2 2 2 1 1 2 2 2 1 1 1 2 2 1 2 1 1 2 1 1 2 2 2 2 1 1 1 2 1 2 1 1 2 1 2 1 2 2 2 1 1 10 11 10 12 15 13 14 10 13 10 13 10 12 11 12 10 12 14 12 1 2 1 1 1 1 2 1 2 1 2 1 2
1 1 2 1 1 1 2 2 2 1 1 2 2 1 2 2 1 1 2 1 2 2 2 1 2 2 2 2 2 2 2 1 2 1 2 1 1 2 1 1 1 1 1 2 1 2 2 1 1 2 2 1 1 1 1 2 1 1 2 1 2 2 1 2 2 2 2 2 15 13 12 14 14 15 14 14 15 15 13 10 14 15 15 15 13 11 10 14 2 2 2 2 2 2 1 1 2 1 1 2
1 1 1 2 1 1 2 2 1 1 2 2 2 2 1 2 2 2 2 1 1 2 1 2 2 2 2 1 1 2 2 2 1 1 2 2 2 1 2 1 1 2 2 1 2 2 2 2 1 1 1 2 1 2 1 1 2 2 2 2 1 2 2 1 1 1 1 2 2 14 13 13 12 15 10 15 11 15 10 10 15 10 15 13 10 13 11 2 1 2 2 1 1 2 2 2 2 1 2 1
1 2 1 1 1 1 2 2 2 1 2 2 2 2 1 2 2 2 1 2 1 2 2 1 2 2 1 1 2 2 2 1 1 1 1 2 1 1 1 2 2 1 1 2 1 2 1 2 1 1 1 2 1 1 2 2 1 2 2 2 1 1 1 2 2 1 1 2 2 2 13 15 13 15 14 12 11 10 11 13 15 14 14 11 11 12 15 2 2 2 1 1 1 1 1 1 1 2 2 2
